scaffold1	scaffold2	connections
4625	8730	2
3064	6952	22
12227	25	25
1318	6680	2
11937	2736	11
147	248	2
401	5420	17
1130	612	92
1130	1701	388
265	4794	5
11937	4480	8
463	7453	295
1784	635	14
1015	11936	22
1903	4480	3
14354	675	6
1209	292	44
10797	1268	44
2806	5435	12
1011	2192	18
79	9350	12
535	622	32
1318	798	38
11044	385	16
223	9326	2
1417	7384	15
2261	4129	12
12518	985	3
211	2451	54
5137	6557	35
1291	6655	18
4168	715	24
10725	5092	7
732	8467	5
1208	1208	5
3656	756	45
448	77	102
2181	7672	3
2466	3733	3
13	8	287
8040	884	8
348	3867	12
62	6826	10
2325	9707	4
102	9022	19
734	918	19
142	71	9
3150	384	12
123	440	2
1552	385	6
1273	802	9
1303	1795	19
14405	273	17
107	7263	241
12427	14608	38
40	70	28
1701	1701	2
492	908	14
12894	28	11
642	7371	24
12227	22	112
195	5805	20
195	308	45
674	9127	16
2100	6757	14
887	899	58
1448	69	198
112	83	2
11825	838	4
2505	3362	248
392	8479	19
6826	983	12
10438	8896	39
92	9350	19
1251	1999	28
2673	920	14
10963	375	9
10797	59	68
12196	132	11
2385	9974	12
1831	3331	2
5932	72	16
324	3253	19
1106	13334	28
12895	172	36
1281	2840	15
675	83	11
5304	9538	35
1898	82	5
10506	91	17
1068	5849	12
2117	3879	4
12894	2746	11
5304	8221	5
206	5246	2
12981	5296	21
2115	3943	11
1877	316	27
12227	4279	21
10699	347	48
7136	8479	6
9	988	147
448	917	45
1536	389	2
1303	716	10
3092	5493	9
2187	2689	6
1142	12042	18
4129	929	16
1557	3943	5
10438	1536	4
7933	80	15
13335	3005	17
10797	31	57
5733	7371	25
164	920	17
3150	536	2
1160	872	27
10438	50	20
14405	3707	73
10438	9212	18
12427	1496	4
111	23	13
12981	9029	5
1534	5449	16
56	6826	13
216	9186	25
1701	6884	9
26	33	4
1058	6951	17
3755	9802	2
1639	3398	2
49	64	4
1197	9212	17
1075	2834	20
48	5493	23
2226	474	20
385	751	18
153	55	6
12228	862	20
109	20	9
32	69	333
1078	1359	24
14354	24	7
1862	716	8
47	9576	23
6826	9975	18
5112	798	4
14354	4	4
128	479	17
392	9326	55
211	406	6
1206	5420	19
2304	32	203
13959	4599	7
209	59	2
3435	9099	23
2184	798	3
2658	296	27
12042	37	20
179	84	324
237	9022	26
372	8279	11
1004	7732	27
1156	5805	31
10749	158	3
1828	2817	2
14649	708	22
112	216	4
4741	6176	22
2201	830	9
11728	1280	14
184	397	4
803	815	38
2716	9267	7
12228	46	18
1641	7732	30
1639	536	2
479	85	13
1390	708	36
10079	2716	2
11175	4741	3
12486	370	19
299	57	6
1021	1021	5
3598	4455	15
2266	4455	3
375	8896	23
4279	626	2
180	2294	26
299	739	9
11650	2806	22
3368	5910	36
517	7108	24
118	281	115
1853	3952	6
2090	2716	7
3132	4599	10
1065	1065	35
14255	487	32
1604	5733	21
1535	3450	19
1627	3788	40
6391	7900	25
1903	6884	12
7955	979	52
7933	9975	11
12042	94	21
7108	746	14
1515	792	17
258	3980	19
2330	8085	17
1752	2645	28
1784	969	4
4686	802	9
11825	3879	2
4952	6637	32
10934	9127	22
5241	58	36
147	7922	5
2261	731	30
892	9029	10
10438	126	16
3643	5538	30
11650	4741	15
1233	158	9
1106	3643	24
12486	990	22
3917	7807	18
1249	2505	81
531	9099	13
11044	1996	34
228	3809	44
14354	99	29
482	7933	19
1327	1412	4
13185	7137	3
3890	3929	3
1548	727	13
4660	715	30
324	5968	18
206	217	3
6680	772	3
2313	3755	4
1194	3879	2
2100	3819	25
10699	622	39
11789	65	18
11454	2567	6
3707	954	4
294	392	3
1563	9173	12
206	990	7
3598	5435	2
6828	8350	20
118	179	334
14405	687	6
10506	348	19
1795	542	12
35	82	9
1463	2123	22
10438	1277	13
124	3084	21
1091	7937	20
12486	212	42
168	2507	20
148	326	324
1162	8907	13
3812	969	3
108	1260	10
12228	2375	11
1515	679	31
110	5932	16
2291	4072	16
1097	1233	2
401	4145	18
12486	67	24
687	954	2
1194	2090	9
1052	2620	20
11966	300	18
5112	536	6
2090	9267	33
534	9127	4
15	899	254
10438	97	17
1671	7933	8
1015	14354	22
1534	8040	10
6999	9406	5
2451	979	33
463	699	131
4900	5366	2
86	9416	18
228	429	29
206	35	2
3255	8896	18
68	751	4
5980	947	10
118	2647	53
3084	841	22
347	466	154
434	7933	14
263	7137	3
123	61	2
29	553	6
594	9707	3
1096	5019	8
4456	5980	25
3598	5382	55
11089	1697	34
37	7384	7
102	12486	10
10699	84	284
10713	13185	25
1237	148	54
1042	630	22
1898	243	23
391	402	11
626	9576	7
3879	838	2
11395	14366	42
10934	674	9
122	91	75
47	53	5
1208	278	26
210	7955	18
5586	585	24
2090	384	3
527	9326	15
1744	1744	8
2658	3379	22
174	2646	20
6986	8868	11
119	535	679
2325	8896	56
11498	3523	18
2470	3408	2
100	7955	43
1233	406	31
1364	3574	12
10713	687	5
4373	802	13
2636	971	22
2037	2254	7
1	46	5
317	7900	24
2193	3656	14
1432	1501	13
2048	40	21
1501	291	185
2090	2100	72
11789	1542	12
1876	3662	29
1828	3398	38
699	891	32
10699	424	44
1186	52	134
30	34	17
421	9022	18
1192	536	5
158	65	5
2187	3917	42
12042	1333	21
2192	2267	21
5883	8246	6
3234	5094	3
1320	7937	15
7922	8896	19
158	8952	4
599	9350	16
463	917	139
3	9350	20
632	9022	25
118	184	314
211	6129	2
1669	280	23
12610	2375	32
1011	3070	29
1053	2048	18
549	777	26
2254	226	34
5166	910	28
119	658	2
145	935	35
2931	5478	73
10079	2313	3
1846	655	19
4	75	4
157	9326	2
19	9350	19
4390	472	37
2988	3712	33
48	5494	13
1315	160	9
326	339	180
10949	356	24
13837	2655	10
212	304	6
13752	2954	29
1811	252	13
2313	2716	2
1069	2645	31
1685	1903	2
11966	9706	2
11851	11852	17
130	19	2
11	12228	14
3772	7672	24
2689	5435	2
436	803	26
122	764	45
126	7933	15
389	7384	18
1028	930	40
1628	4553	12
121	8279	13
2271	8040	59
179	9272	280
12486	264	19
11141	731	27
1833	1858	13
13334	5441	8
1113	15	83
10797	29	50
11089	177	29
14	49	8
291	7586	305
1192	7672	26
5421	838	2
1078	1327	3
11649	8657	36
1883	5932	7
6309	7955	32
140	9305	21
1194	838	3
118	886	4
1548	5849	25
252	3665	6
11826	3735	4
424	466	249
7263	7453	33
243	392	25
2812	395	18
390	698	25
10079	2090	6
10963	7	18
304	840	7
36	7384	19
2647	886	2
1026	10797	82
2142	317	19
308	534	22
12	166	4
284	4596	15
4431	77	439
13396	3598	3
406	6129	40
2271	2874	7
2869	838	8
1	61	7
196	233	5
565	787	415
1996	751	31
3306	772	2
12227	137	16
3439	5586	38
3656	542	2
145	1847	36
2266	3598	19
336	35	12
1534	2271	10
13334	2729	13
19	57	12
2834	905	17
360	971	2
4952	7700	4
353	6826	12
13636	438	75
1639	3879	2
11789	1233	83
144	8896	14
261	854	23
10699	3368	15
10221	2948	4
2056	389	2
385	786	27
196	81	2
3237	66	21
5829	969	33
4450	4762	2
1117	239	6
11089	841	52
643	82	6
10699	13714	59
382	464	27
137	22	32
2065	2076	13
11498	434	17
155	1674	8
4431	6884	92
1404	1493	31
11498	94	18
1078	1106	13
6826	98	9
12518	3828	22
11789	2	8
2313	9802	4
2817	381	3
1352	6422	6
3852	4553	16
10200	327	21
351	5449	11
3328	954	5
2649	65	2
392	3943	6
10438	72	22
1326	4046	22
4067	756	34
1162	2267	24
1052	261	20
104	10506	10
2451	9576	30
142	4010	25
1120	8040	13
279	279	2
2315	499	2
264	304	8
542	5435	13
10963	98	12
5	6193	13
2090	3398	58
5423	9554	286
4326	7280	4
11789	6129	191
1800	585	30
45	9326	34
1380	6176	34
57	6884	4
12981	2736	13
12610	3064	27
2002	458	19
239	3331	7
2750	65	20
1639	2869	6
116	6826	15
264	8896	10
10438	233	29
10506	74	23
10438	7125	4
534	784	7
11380	90	4
197	2271	2
1005	1564	19
10438	713	14
11789	2649	28
11728	3128	15
5787	6971	47
168	2513	40
1031	13	125
1643	246	21
347	84	35
2325	248	2
3533	51	2
1828	2100	14
4186	883	40
625	90	3
2011	4880	33
1348	5044	28
10797	17	81
372	5847	23
339	565	198
11789	406	144
1196	1367	18
139	9	593
1412	330	28
119	466	508
2651	3306	3
3924	7486	25
6187	8063	29
10438	7933	243
391	8131	11
172	201	30
190	87	33
10725	4741	5
370	9326	9
1221	292	5
2181	3980	2
3819	486	3
243	3014	17
1120	1534	9
4186	5538	25
10290	8952	119
170	216	17
14405	3929	2
4027	4236	82
299	5137	19
128	34	18
1028	11306	18
11044	1552	17
2470	635	13
1097	406	8
9	96	72
77	917	50
1795	4326	3
60	9576	32
13752	2294	6
6193	791	28
2874	5442	14
13396	3952	7
3707	3929	45
11175	2806	4
11851	1206	21
63	7125	4
11498	220	30
19	1903	30
4995	8279	12
2090	2817	2
1156	6986	29
211	9576	36
355	542	12
10438	157	2
105	1108	8
2649	435	18
344	972	6
14405	954	2
1432	15	261
128	74	2
1701	739	2
13504	235	14
11175	5092	6
1757	243	8
2673	3574	13
2100	2817	3
1316	3574	6
112	189	4
4279	6129	9
7486	929	26
157	82	6
1828	9267	20
10506	153	19
1242	52	241
1327	3917	5
13396	1853	5
1081	6297	33
133	3132	5
2716	6757	2
2078	267	8
11044	751	28
3362	9554	406
4590	6970	25
12486	62	18
3852	6999	3
1242	69	352
2027	846	13
2511	5441	14
16	890	10
304	990	6
3813	5044	35
440	5423	2
3398	6757	4
4027	5297	17
11966	8212	2
1318	5112	9
2099	2812	23
115	91	3
2138	3206	51
2736	5538	3
10713	3707	2
179	281	25
2065	207	14
3398	3755	9
210	3084	18
253	2646	17
14354	83	88
1701	1903	5
38	392	2
12228	93	31
466	657	487
12594	4952	27
10699	657	258
3929	687	4
1196	273	18
217	8479	20
1117	8961	4
397	5533	7
1317	5435	6
212	6826	14
10079	667	4
3679	82	2
1208	3809	12
107	4646	2
3598	3992	5
305	4995	8
1113	3069	79
2090	3819	12
1130	130	4
699	77	38
1338	687	8
206	82	4
5304	5442	15
24	83	7
101	7384	16
112	376	7
10079	9267	22
390	3924	16
10438	449	9
13504	1427	21
3819	9577	2
3929	7027	3
2649	7955	24
11789	12227	7
10438	840	4
3556	3879	7
565	848	164
273	486	3
2476	3666	5
395	6784	15
402	679	22
1130	291	195
1542	6129	9
1119	1302	6
3408	4826	5
1015	54	2
14580	8	2
105	183	17
1410	2457	25
12610	199	17
1209	1817	40
569	865	2
1247	1790	27
2511	3444	20
421	7933	2
11498	98	21
3735	8675	23
10506	3533	19
107	52	501
1367	3150	21
2911	815	26
39	7933	21
1552	985	4
17	64	4
2942	802	5
1807	577	15
3409	8212	4
3234	5580	39
11789	6724	2
248	594	5
10797	21	51
3014	82	6
11936	675	14
12518	5382	7
4031	669	2
10438	4353	3
1536	9326	12
3398	9267	4
10139	515	80
427	4880	57
2003	4167	30
3679	7933	22
788	9326	33
1639	1828	10
183	2099	19
1367	536	3
10021	1628	2
1639	2090	15
82	9326	35
1048	5435	4
27	9576	28
1156	8868	2
11851	8467	29
121	499	14
144	527	2
10890	9706	13
12895	13334	39
5296	892	9
3627	9326	38
9267	9577	3
1671	82	2
242	854	15
243	3943	12
13396	1552	2
392	742	4
137	7955	46
13752	4326	9
2375	78	7
536	7672	43
2506	8104	5
36	9326	35
150	841	2
443	5910	8
1497	44	29
6884	739	10
10220	187	96
5442	8221	7
11936	896	35
3879	7672	5
249	454	43
14	161	3
443	534	18
1280	777	3
2100	3398	9
5932	8479	52
217	389	4
152	65	10
3106	5374	11
1828	838	2
10506	55	17
26	31	4
13714	424	208
2090	2313	25
2443	3867	20
147	8896	16
975	975	195
1053	1131	21
10428	727	23
3398	3819	7
3005	4326	30
1273	4072	10
2187	8495	8
424	622	25
1098	5533	31
2443	710	30
4596	76	12
184	2647	14
18	406	13
104	1312	16
6156	68	17
1048	548	32
1194	2869	5
1194	1828	6
2470	3418	5
28	7933	14
116	7933	18
3938	4851	16
4457	4846	14
515	887	344
2313	3398	13
144	82	3
10438	116	9
3237	6952	21
164	78	4
3576	8167	4
557	8040	9
10749	12227	20
2117	8246	3
219	9350	14
3092	5494	9
3206	5185	4
12228	55	6
2056	9326	8
12502	713	2
1752	492	24
70	712	4
10438	615	14
10438	3679	5
535	658	125
235	266	11
389	527	6
2266	5382	16
355	732	11
1535	7384	14
3992	4455	4
2736	630	2
7933	9326	11
107	464	46
1162	1476	5
1303	884	42
4	83	11
244	7922	3
5094	5580	3
130	781	26
330	814	9
10506	128	23
1237	187	55
6637	746	15
10749	6129	23
4529	6970	28
113	12486	8
536	6680	2
19	6884	14
11789	18	72
4455	5382	3
12196	4167	2
248	9707	10
11884	4457	23
148	187	482
3917	8495	5
196	527	11
3866	4455	56
47	626	2
1817	90	4
454	6073	32
22	2649	19
1120	828	25
180	7877	40
10438	39	7
2876	9306	30
107	382	54
158	2750	23
327	440	7
10963	377	26
2796	3576	61
1233	465	12
1795	777	44
1194	954	9
189	376	2
2451	53	2
2271	557	15
14354	75	23
356	734	15
1137	34	9
1749	253	9
5435	802	2
11089	60	40
6144	9577	2
2457	6391	16
2419	2643	82
1529	2954	3
2796	326	86
11650	2330	2
205	7933	2
196	2065	26
143	531	25
612	7586	111
54	641	22
2201	7	2
243	495	6
1542	4279	24
6826	990	10
2511	3337	2
12228	164	16
130	299	2
7216	835	32
11789	2451	5
3243	3938	32
4145	8755	30
12486	304	57
1097	11789	41
3106	3311	47
50	6826	21
142	6784	24
122	93	27
7125	7933	10
1958	2414	24
1233	8952	110
55	682	2
577	731	14
103	12502	17
3435	636	3
1390	391	24
4978	715	24
6138	6187	28
1281	133	35
3772	7027	3
12502	253	55
1005	5918	22
6073	6987	6
248	7384	12
111	7955	28
446	541	24
2100	2313	22
1144	2324	21
443	9554	368
1643	6655	8
165	21	18
11498	4948	20
2187	5435	27
112	9186	12
443	9127	13
12809	8063	16
12502	38	4
107	7453	377
1131	1410	13
3202	630	11
4279	65	11
152	158	16
177	2649	2
12228	79	15
1251	1365	21
567	643	27
220	9974	13
1697	25	12
930	9825	15
3368	622	11
211	6724	3
1529	783	25
862	862	11
10890	8212	43
300	9706	20
12228	78	42
112	30	2
10438	1757	6
5	7384	15
77	891	109
1671	45	2
1883	82	6
536	838	4
499	499	2
113	9326	20
2448	3516	24
12502	495	16
1098	453	2
622	657	158
9326	983	8
1118	3241	21
5533	835	12
243	643	16
12228	682	4
3243	4326	9
1685	19	3
41	9350	24
2187	4058	21
25	8952	55
2174	436	35
10438	812	12
1364	3064	3
448	463	43
14255	1496	30
891	917	57
58	910	40
117	452	15
375	6826	23
10699	535	125
5435	6138	8
3253	4599	20
1130	7586	370
505	5918	14
1482	9173	12
517	746	10
2451	3206	65
154	7933	18
3119	6971	39
2869	5421	3
451	700	26
11884	814	14
1828	3755	2
2544	280	42
1564	617	22
1527	7922	2
3772	536	3
1856	9306	21
1817	625	2
1862	2655	4
1999	8104	20
243	243	19
1352	8	147
197	8755	18
682	90	2
1317	330	2
10200	599	28
4100	8952	8
6422	8212	12
1482	2683	10
448	699	49
10438	147	17
1197	7	21
3450	742	24
1261	3264	36
1958	2016	31
178	82	5
448	891	8
3111	7933	14
1317	972	4
1432	291	270
10963	1204	13
12610	886	30
187	362	645
465	8952	7
615	82	2
158	4100	17
1107	242	23
1004	3070	24
1062	1348	23
211	53	2
203	351	20
166	553	4
6637	7700	18
1628	6926	15
22	25	28
230	7384	18
5435	7807	2
1970	3331	4
1697	8350	10
1475	1480	22
237	3943	4
278	4168	17
253	713	22
130	1903	2
150	4100	2
2138	2451	45
10797	42	43
4078	807	18
2002	451	36
1512	744	10
2942	3788	27
12228	90	14
1828	3819	2
10438	1898	13
12227	6129	39
10438	63	17
458	905	28
3234	8212	46
1277	389	3
4058	4450	7
3707	3879	2
13396	2806	4
1071	5970	29
1130	6884	114
22	7955	28
14649	1641	29
206	9326	5
12518	4455	6
7933	840	16
193	1996	43
4262	667	2
3409	6422	3
1078	13334	10
392	67	6
243	977	2
10438	569	22
3598	6138	2
1853	972	2
179	184	430
784	9127	2
3812	5435	28
19	739	24
1795	828	5
12594	296	34
243	742	17
12809	3952	5
10438	977	21
12502	81	30
11208	2876	24
203	4037	17
1476	2506	21
3917	5435	17
2037	226	15
479	7556	29
1280	1795	54
2187	7807	5
10095	1833	32
2027	611	15
1862	828	24
4529	4794	31
1026	21	12
2451	47	2
20	23	9
11498	39	25
1460	185	15
2964	6826	10
2817	3879	2
13636	6999	37
1260	155	12
11650	5092	5
10506	86	17
1055	2351	6
2451	5185	29
12228	3	16
139	8	333
92	9305	19
7933	8896	4
2100	2716	8
8350	8952	61
2325	7922	2
1117	3331	13
427	68	34
116	9326	2
2325	7933	5
1350	4431	151
17	59	6
5246	990	10
3819	9802	2
382	52	32
1631	5883	4
2000	686	27
307	399	35
534	6413	6
4851	6868	28
1042	1261	33
1221	344	29
1903	299	14
5421	6680	3
1277	7933	22
10200	61	15
1058	1480	30
1320	1858	15
1035	10949	13
193	5397	23
1828	2090	11
571	865	11
282	76	3
10506	1312	9
11789	4279	12
6724	7955	56
44	9051	29
150	6828	5
700	781	12
2689	4058	11
12518	3598	9
193	5847	16
1757	7933	19
5787	6998	44
1448	52	193
39	9326	2
3809	8040	5
2806	3952	11
109	7955	24
5870	625	17
174	8896	13
7125	82	2
1807	474	31
389	9326	28
353	377	7
12610	1364	27
392	82	6
10200	140	21
3069	510	28
11380	625	3
1527	8896	16
557	884	15
4353	7933	12
2065	233	47
1687	401	6
11789	47	63
370	389	6
1107	138	22
346	6826	12
157	243	13
1277	82	2
1903	739	20
1877	642	11
10095	316	30
1697	8952	96
2869	3556	2
116	990	4
11498	2076	19
3354	499	37
14354	456	13
13396	5805	2
11825	536	3
1007	862	7
630	7764	12
339	787	40
1128	1203	22
440	9350	17
3092	86	2
4	9416	15
2291	707	15
4978	6986	2
207	7384	8
3804	8167	2
1433	7877	23
463	7263	323
10	11380	4
103	10438	18
11380	99	27
1192	3150	2
2142	452	21
3707	687	25
1475	1886	31
147	594	6
130	739	2
27	4279	2
57	739	7
253	56	14
10290	1697	20
1589	764	16
2090	667	6
1883	8479	10
1970	8961	2
1552	1996	5
3938	6868	17
197	2092	32
201	784	26
22	6129	2
2716	3398	9
157	7933	16
4262	9802	2
2646	80	26
6826	788	15
1903	517	32
42	6	2
1497	160	21
12518	2266	3
3727	779	14
11395	450	27
1106	203	3
1282	266	24
1660	468	126
691	908	23
2315	6422	34
10382	4236	14
893	893	163
3852	9406	25
2138	5185	3
2193	2683	40
8212	9706	24
3712	541	23
4031	698	23
170	9416	25
5141	5374	60
2266	3952	2
2325	3450	22
210	22	5
10506	3867	6
1898	9326	2
1380	14608	39
43	9350	54
12486	4948	22
764	91	5
4978	8868	2
176	6826	16
2271	3809	9
12227	1542	20
179	397	133
1512	7955	20
2065	527	40
12809	5805	2
48	83	17
1	12228	18
10	1817	5
211	47	22
3980	5421	4
3450	7136	20
154	6193	12
15	1501	226
848	9554	425
304	8479	18
611	739	5
1316	1364	4
217	9326	18
299	6884	3
178	7922	13
12	16	15
9051	930	25
205	8896	12
3822	8730	18
132	1698	20
1106	5441	9
2414	691	29
1206	1687	14
291	612	71
147	9707	3
118	13	802
11825	2090	5
6999	903	46
10438	1092	8
1352	2315	78
1701	4431	271
399	903	49
101	10438	17
1417	375	3
4390	9173	10
3819	7672	4
2090	2869	12
13396	2266	3
5932	7136	6
32	96	3
11498	1527	18
10963	1417	16
2078	6292	13
14354	54	6
1230	282	20
779	8218	25
109	111	5
347	535	31
7933	82	3
2304	96	566
1542	65	6
1041	265	21
315	33	5
219	9305	19
107	1186	245
153	9416	14
2526	617	7
11825	1828	19
7933	830	22
30	479	17
10428	1365	20
244	8896	10
44	9825	11
571	8479	27
3084	6828	40
14354	30	2
4741	5092	4
3418	635	23
10963	2201	19
1007	9186	19
384	838	3
10320	3778	6
4100	65	7
12809	13396	6
2646	482	11
118	216	2
449	7922	16
1460	681	22
13522	2828	21
11789	211	63
463	77	156
1856	2226	27
3368	535	562
3354	867	19
10	440	2
10351	2177	23
3813	669	24
1035	918	23
1026	29	12
2777	330	7
278	715	22
3005	5166	16
450	6073	10
2911	520	31
11089	2649	3
267	4067	38
392	977	3
10438	1671	4
2304	2304	30
19	299	15
2100	3755	4
2313	9267	3
3408	3418	4
6156	751	20
256	468	2
3092	74	16
1277	9326	15
435	7955	20
548	892	27
1831	867	35
1784	5829	8
10506	115	14
2476	3311	39
10079	2100	22
13714	347	47
10079	10713	2
10139	362	2
3368	443	27
1883	243	13
1493	1800	26
421	9326	22
12502	1671	18
305	8279	6
1204	12486	28
2078	487	22
2016	2507	20
1137	9186	19
132	2315	38
1417	6826	6
486	7672	19
326	787	412
1404	5870	17
1636	8786	49
272	5421	32
12981	8194	33
103	495	2
435	9576	25
546	6826	20
12486	840	17
109	137	3
1749	9326	37
244	7933	23
12518	3992	2
1604	2448	15
15	887	331
2324	557	54
14405	3328	2
449	7933	16
10890	11966	6
1234	565	137
10506	3092	2
446	5382	12
5538	8040	2
1194	3398	2
211	4279	4
1048	802	23
123	46	2
1903	2954	3
10963	110	20
1563	2683	12
10438	244	6
641	75	9
2828	674	7
4625	5141	35
71	87	10
24	710	7
13334	203	18
150	3084	48
372	5397	10
1197	2056	16
12228	189	6
14354	710	28
11380	3533	33
1075	1203	24
10713	2442	17
6138	985	3
406	8952	8
108	88	18
3243	7280	20
41	9305	30
11175	11650	11
1068	10964	11
223	243	2
56	713	4
10699	213	2
1970	239	18
1078	5441	6
1233	4100	11
1326	8218	14
2385	4353	13
3202	7115	15
2505	2505	6
243	82	85
1200	392	5
542	935	20
3337	3444	22
206	243	13
300	305	21
14508	9699	9
121	305	34
165	315	5
2330	2806	3
2136	4943	25
10438	3255	17
11728	8495	17
1359	918	36
1828	2869	22
346	9326	36
7384	97	12
7038	925	30
1542	2451	13
6828	841	34
11208	1291	34
196	546	2
111	20	27
178	243	16
2874	3822	14
1463	7038	22
122	57	15
14354	48	15
10890	300	2
223	7933	13
205	2065	21
12809	1853	10
5883	8414	2
223	392	3
6138	786	28
389	983	2
11089	18	2
3401	9127	38
117	143	17
348	456	22
443	784	7
362	515	537
54	83	9
13396	972	37
10506	51	43
11852	1206	15
3111	6193	16
10438	7922	15
3984	5366	33
1030	7981	39
6724	9576	3
138	2840	33
11852	8467	8
14366	3401	44
1042	7115	21
243	35	10
78	862	6
4450	561	29
3686	681	30
3598	446	5
2964	7922	12
10749	11789	21
11	14354	12
12196	2003	21
657	84	404
1631	3772	2
716	828	3
1534	351	6
1536	7933	12
1007	12228	11
2090	6757	5
4058	4762	27
144	243	11
1092	7	10
2100	9267	3
1757	82	10
4007	4046	11
12502	45	30
100	6828	16
2385	865	8
128	85	18
294	7922	23
1639	2100	2
1280	828	8
1005	505	5
34	83	8
1097	6129	15
10079	2817	3
1636	716	7
1041	561	18
3241	4783	25
304	4948	3
1903	57	8
2266	3992	40
2655	3337	11
2114	246	2
2271	3822	18
3556	838	2
10438	2325	8
1828	6680	3
1026	1268	41
253	38	10
1106	2729	5
12518	6138	2
1552	3992	25
1230	190	21
10079	3819	9
10963	6826	6
249	356	22
515	899	377
11175	2330	8
119	424	33
